500 0
500 0
500 0
400 100
400 100
400 100
300 200
300 200
300 200
200 300
200 300
200 300
100 400
100 400
100 400
0 500
0 500
0 500
-100 400
-100 400
-100 400
-200 300
-200 300
-200 300
-300 200
-300 200
-300 200
-400 100
-400 100
-400 100
-500 0
-500 0
-500 0
-400 -100
-400 -100
-400 -100
-300 -200
-300 -200
-300 -200
-200 -300
-200 -300
-200 -300
-100 -400
-100 -400
-100 -400
0 -500
0 -500
0 -500
100 -400
100 -400
100 -400
200 -300
200 -300
200 -300
300 -200
300 -200
300 -200
400 -100
400 -100
400 -100
500 0
500 0
500 0
