0 -500
0 -500
0 -500
0 -500
0 -500
0 -500
0 -500
0 -500
0 -500
0 -500
0 -500
0 -500
0 -500
0 -500
0 -500
0 -500
0 -500
0 -500
10 -500
20 -500
30 -500
40 -500
50 -450
60 -450
70 -450
80 -450
90 -450
100 -400
110 -400
120 -400
130 -400
140 -400
150 -350
160 -350
170 -350
180 -350
190 -350
200 -300
210 -300
220 -300
230 -300
240 -300
250 -250
260 -250
270 -250
280 -250
290 -250
300 -200
310 -200
320 -200
330 -200
340 -200
350 -150
360 -150
370 -150
380 -150
390 -150
400 -100
410 -100
420 -100
430 -100
440 -100
450 -50
460 -50
470 -50
480 -50
490 -50
500 0
500 0
500 0
500 0
