29
39
16
10
28
21
11
12
8
5
10
2
22
2
29
3
25
3
44
9
49
11
1
7
12
3
4
4
5
25
9
3
7
2
16
20
5
8
11
1
2
4
23
12
7
4
5
7
5
15
9
16
16
17
23
10
5
17
10
10
4
6
3
25
3
44
15
34
6
12
4
18
57
30
5
3
4
25
6
13
23
32
13
19
7
9
6
22
9
4
8
4
7
25
7
10
25
7
4
46
27
1
8
11
25
2
8
6
1
14
19
32
15
10
33
17
10
3
3
17
6
1
11
26
1
25
5
29
20
32
10
8
3
15
6
2
11
6
5
40
7
10
20
8
9
3
18
30
9
4
38
6
3
14
5
29
16
7
12
15
10
7
6
2
25
9
20
2
25
8
47
58
2
8
17
27
15
2
4
1
7
14
26
26
8
20
23
24
3
4
7
23
6
16
19
4
3
25
31
8
44
6
27
36
15
5
4
12
6
4
5
43
3
29
4
51
58
23
6
16
16
18
5
30
10
3
18
8
10
6
33
23
43
3
17
12
6
9
3
31
29
46
25
25
33
7
24
3
5
4
13
8
29
23
9
4
20
4
8
2
51
29
18
25
8
2
11
9
26
33
6
13
5
3
11
2
20
9
5
2
4
25
6
14
2
3
8
31
21
26
15
7
18
5
24
2
4
3
1
6
2
26
8
5
7
3
1
13
10
3
38
34
1
21
2
4
3
4
5
2
7
23
6
4
15
21
11
8
7
17
9
11
19
4
5
3
18
6
20
5
27
21
11
3
26
2
35
4
30
11
9
4
47
6
24
20
6
7
8
27
54
3
23
29
44
10
5
11
4
4
3
5
30
21
9
10
42
36
6
39
46
7
56
8
17
5
5
25
18
9
46
0
24
5
7
42
8
9
26
16
6
13
4
8
5
10
4
6
7
5
6
25
25
66
47
10
34
11
14
7
45
9
2
44
6
18
11
6
8
8
23
8
25
31
9
4
13
2
45
6
6
3
0
11
3
23
3
8
4
29
15
11
2
8
3
3
20
3
6
17
6
2
21
7
30
23
12
5
21
5
5
39
8
6
5
39
4
7
4
3
3
5
3
4
5
5
4
13
23
2
3
2
54
11
12
5
16
16
6
2
6
13
7
16
7
7
8
3
15
32
14
25
5
26
10
5
16
4
7
3
2
26
30
8
16
18
5
9
43
23
36
15
24
3
3
16
12
13
4
2
6
17
27
9
19
6
58
22
3
10
3
10
30
25
34
8
8
3
4
31
8
6
10
5
6
3
3
7
3
6
10
38
26
8
1
6
42
5
30
8
5
22
2
15
2
12
5
12
11
5
5
10
2
17
7
21
7
18
14
10
5
9
23
5
48
18
4
3
9
26
10
16
42
38
2
42
34
26
7
34
5
32
6
13
15
24
20
2
2
29
23
3
11
10
33
5
4
30
15
37
13
37
44
44
9
2
10
2
16
6
37
4
42
14
6
24
2
8
9
12
2
4
4
14
2
8
26
21
38
4
23
15
4
2
31
37
3
7
18
12
2
11
28
2
4
2
25
5
2
10
6
3
2
6
6
26
45
47
17
25
26
9
25
20
7
6
9
4
26
27
25
10
16
6
4
2
6
36
15
4
11
10
13
4
6
13
24
9
5
14
6
10
29
18
10
19
48
4
37
5
7
5
43
11
15
5
5
2
2
9
11
11
2
6
13
46
7
2
7
1
3
8
23
2
40
4
6
20
23
54
6
44
2
4
17
2
6
3
8
6
33
35
13
4
7
5
20
1
25
32
34
47
3
10
7
27
19
4
6
8
27
25
27
4
3
8
16
7
5
27
4
53
8
5
24
3
2
6
11
21
30
5
11
5
8
8
3
23
23
6
6
31
3
4
9
26
3
2
20
28
15
4
30
8
3
3
41
8
15
9
6
10
32
3
3
24
4
3
7
4
5
4
9
21
43
20
5
8
2
9
7
2
3
38
3
2
15
9
2
10
4
16
2
8
4
11
4
15
15
26
4
9
9
15
16
16
7
2
7
4
29
6
7
10
20
14
33
16
4
4
44
13
12
37
15
2
10
17
48
3
35
0
5
17
7
11
12
21
33
25
8
23
5
5
15
10
6
9
31
0
30
16
1
5
8
35
4
3
9
6
21
5
2
3
62
11
1
3
39
52
6
1
26
7
52
4
7
25
4
16
4
5
2
21
47
3
8
8
4
1
20
22
2
16
3
23
6
16
20
10
5
8
9
6
2
18
4
6
5
41
