112.438
124.372
157.773
166.289
148.686
137.016
119.566
102.549
87.993
74.536
62.724
60.122
44.626
54.191
47.633
53.65
50.763
32.249
33.668
31.757
34.038
32.915
25.953
27.279
25.296
24.756
25.669
25.038
24.88
25.197
24.754
22.341
21.072
20.761
20.176
19.699
19.415
18.797
18.489
17.216
15.454
15.414
15.151
15.113
14.907
14.555
14.372
14.094
13.812
13.401
12.996
12.827
12.297
12.624
11.504
11.06
10.561
10.234
10.184
9.86
9.868
9.64
9.596
9.464
9.234
8.91
8.815
8.699
8.641
8.467
8.412
8.216
8.043
7.902
7.83
7.877
7.798
7.638
7.48
7.311
7.162
6.924
6.939
6.948
6.931
6.851
6.832
6.707
6.617
6.606
6.574
6.545
6.592
6.472
6.424
6.479
6.333
6.311
6.193
6.188
