112.727
124.868
158.755
167.232
149.283
136.309
120.168
102.498
86.9
73.91
61.589
59.141
44.825
54.808
46.959
53.166
49.956
31.757
33.531
31.382
34.403
32.312
25.355
27.191
24.202
23.941
24.85
24.083
24.19
24.547
23.869
20.93
19.313
18.317
18.095
17.555
17.58
17.243
17.921
15.925
14.351
14.417
14.429
14.241
14.079
13.486
12.957
12.512
12.255
11.945
11.618
11.241
11.1
11.168
10.784
10.176
9.899
9.736
9.548
9.45
9.198
9.066
9.014
9.014
8.995
8.691
8.672
8.458
8.338
8.082
8.068
8.042
7.77
7.637
7.641
7.53
7.314
7.269
7.228
7.152
7.049
7.002
6.94
6.761
6.726
6.68
6.697
6.645
6.596
6.593
6.446
6.41
6.271
6.186
6.139
6.067
5.929
5.926
5.861
5.807