109.703
122.206
155.555
162.886
144.986
132.699
118.486
102.046
87.076
75.189
63.745
61.414
46.019
55.575
46.896
52.912
49.829
31.682
33.262
31.092
33.267
32.382
24.954
26.185
24.255
23.816
24.977
23.967
24.009
24.95
24.416
21.977
20.445
20.121
19.626
19.249
19.108
18.401
18.725
17.483
16.134
15.701
15.493
15.417
15.12
14.545
14.227
14.028
13.724
13.488
12.945
12.795
12.73
12.696
12.098
11.488
11.018
10.466
10.237
10.434
10.225
9.972
9.765
9.623
9.42
9.322
9.436
9.098
8.811
8.686
8.326
8.143
8.086
8.008
7.962
7.952
7.949
7.846
7.675
7.591
7.508
7.335
7.319
7.299
7.274
7.297
7.256
7.123
7.115
7.131
7.095
7.099
7.031
7.042
7.046
6.963
6.927
6.922
6.849
6.89