14
41
2
2
2
5
6
22
1
1
1
3
36
4
1
1
2
1
1
3
1
11
28
5
7
1
1
0
15
8
2
18
2
6
2
22
0
19
3
1
5
11
19
4
1
5
0
2
2
1
3
2
15
1
4
7
0
1
0
2
1
16
1
12
3
2
1
17
16
3
13
41
10
3
4
2
2
8
1
14
12
15
1
22
15
6
2
17
16
15
13
12
2
4
34
4
1
1
4
2
3
38
27
3
5
1
1
2
3
4
11
2
2
2
11
10
1
2
8
1
3
0
2
3
10
2
1
1
4
4
13
12
3
7
4
1
1
8
2
2
19
5
19
3
10
2
4
2
11
11
4
1
2
4
1
1
6
3
1
20
19
2
4
0
1
1
0
2
18
2
17
14
2
1
2
3
2
1
1
1
2
11
4
1
1
12
3
16
12
1
3
3
2
8
40
35
5
2
2
37
2
9
14
1
1
1
4
1
1
3
41
19
0
4
4
22
4
1
5
2
2
8
1
9
1
8
4
8
1
16
14
3
3
10
4
2
4
20
3
2
1
7
7
9
4
11
1
2
1
12
15
10
7
11
3
4
16
18
1
7
13
3
18
17
4
3
16
4
2
2
1
1
4
1
8
1
34
18
43
7
2
1
1
37
8
1
3
47
0
2
19
0
3
2
8
1
34
4
14
1
8
2
3
17
2
0
10
4
14
2
4
2
3
15
15
2
1
4
7
2
1
4
1
5
0
1
1
1
6
1
20
2
1
1
11
2
1
4
2
21
1
1
0
2
3
7
2
6
17
1
1
11
11
6
1
11
1
12
2
2
0
2
6
1
7
8
23
2
10
5
7
2
16
1
0
1
4
4
11
38
1
2
0
3
7
4
32
4
1
2
3
17
16
1
2
1
5
4
1
38
18
2
5
2
1
1
3
2
4
8
5
4
1
1
1
0
0
0
11
0
1
3
1
4
38
1
25
2
11
2
1
3
6
8
11
19
21
4
7
1
3
4
22
38
38
2
6
1
17
1
6
6
24
1
12
1
11
34
7
1
4
2
2
50
3
1
4
1
5
4
2
4
5
1
4
5
21
8
13
7
2
10
2
4
3
7
21
2
6
6
11
1
2
0
1
16
0
2
18
7
1
2
7
4
3
1
5
1
1
2
2
6
1
2
2
1
37
1
3
3
6
18
4
3
2
4
2
1
1
2
2
2
7
2
2
3
37
3
2
3
6
14
3
5
4
2
1
15
3
2
2
1
7
3
6
7
3
37
2
2
6
3
4
1
5
4
2
2
2
1
3
8
0
2
1
4
38
37
1
6
6
3
4
12
38
5
1
3
9
1
4
1
8
1
9
14
4
1
7
4
4
3
10
1
1
2
2
4
4
2
0
2
5
2
4
1
2
35
2
3
2
1
4
2
2
3
3
1
2
7
2
3
4
10
3
2
5
3
4
1
2
2
4
2
2
1
3
8
6
1
7
1
4
10
5
3
3
3
2
2
0
3
3
1
2
44
2
8
3
7
1
2
4
1
1
1
2
1
2
3
1
3
8
2
2
0
1
1
1
14
2
30
2
2
1
4
4
3
9
9
8
1
3
11
2
51
2
2
2
7
1
6
1
21
3
6
1
4
5
2
1
1
8
1
5
1
39
2
1
2
2
4
4
3
4
3
1
1
5
56
3
2
8
2
2
2
39
9
2
5
4
7
6
9
2
8
1
3
5
2
5
4
8
3
5
1
2
4
5
10
3
2
6
1
2
13
2
6
1
4
5
2
3
11
5
9
5
13
1
11
10
2
1
1
5
56
4
7
7
4
7
18
0
1
10
0
1
3
11
1
4
4
1
7
5
4
6
0
3
5
5
3
3
1
1
2
8
36
1
9
4
2
1
12
6
2
3
16
2
5
1
2
5
1
2
7
3
3
2
1
6
3
8
12
4
2
5
13
8
7
1
1
5
6
2
3
2
1
1
2
4
8
2
1
3
23
2
9
2
2
5
7
9
2
1
5
5
36
1
3
4
17
4
1
1
16
55
53
2
4
6
9
7
1
1
1
2
2
1
1
18
27
2
2
9
40
4
1
2
9
2
2
3
1
2
2
5
2
1
3
2
1
4
4
5
1
3
4
3
8
3
2
4
7
1
1
2
1
1
2
1
3
3
3
3
1
1
3
4
9
14
4
5
8
31
10
3
1
3
4
13
3
5
1
2
2
2
7
6
7
4
2
4
7
4
4
6
1
4
3
12
7
5
15
18
4
9
10
7
3
