14
4
1
8
3
2
1
0
5
5
18
10
2
3
1
19
1
2
35
1
2
1
2
2
2
1
8
10
1
8
11
9
2
3
1
22
8
19
3
1
2
29
25
13
1
5
2
6
31
1
33
1
15
2
2
1
8
19
22
1
2
0
1
4
5
4
1
1
1
15
21
12
15
34
7
0
2
2
1
14
17
15
1
22
0
4
18
0
15
2
4
32
4
6
1
2
8
1
12
2
1
2
27
3
3
3
2
9
2
4
1
2
1
11
18
1
25
2
0
2
3
16
2
1
2
1
47
1
18
2
13
27
1
1
1
20
7
8
2
2
1
1
0
22
2
6
3
2
11
2
1
1
5
1
1
2
2
1
1
13
19
20
3
2
1
9
6
31
18
1
1
14
1
2
1
9
5
1
22
1
2
19
2
1
1
4
0
1
0
18
17
32
1
2
41
9
14
2
2
2
2
9
31
2
23
2
3
52
45
2
22
2
2
2
2
2
3
30
2
2
2
7
5
12
27
8
29
4
6
1
1
5
7
1
1
6
4
1
22
15
11
4
1
16
18
6
2
2
5
2
15
9
7
7
9
6
16
18
16
4
25
29
18
1
6
7
1
1
48
36
6
1
2
1
17
1
3
18
16
3
3
47
1
2
1
1
3
47
16
24
15
6
1
0
4
2
2
1
3
1
3
6
2
1
1
2
10
3
14
17
3
2
1
6
11
9
2
1
2
0
1
2
35
2
1
1
3
2
49
4
20
6
11
8
11
2
13
9
2
1
1
19
2
2
1
7
1
6
2
2
1
11
11
12
4
1
13
1
9
2
11
2
1
1
7
1
1
1
10
5
7
6
3
4
2
2
1
4
35
5
1
2
2
1
1
23
2
4
19
2
1
5
1
8
7
2
2
4
22
35
11
2
5
1
2
9
3
1
5
2
2
7
1
2
1
55
49
8
1
2
3
1
1
1
1
11
3
2
51
28
2
6
6
8
2
19
21
1
7
19
5
4
4
17
10
3
6
2
20
1
6
6
24
3
12
3
10
1
18
19
3
1
7
2
3
1
0
1
1
1
4
27
5
3
2
21
0
4
13
6
17
10
1
2
2
1
1
2
1
2
1
1
2
47
2
16
1
10
18
1
11
1
7
6
7
2
1
4
4
4
1
0
1
7
2
4
1
6
3
5
6
2
4
2
4
4
27
3
2
2
4
2
7
5
1
20
1
2
2
5
0
2
2
1
2
4
1
2
8
2
3
2
7
5
1
7
1
3
4
5
2
2
2
20
3
4
24
2
1
1
2
2
0
3
5
1
4
2
3
3
36
1
3
2
1
16
52
1
9
4
1
6
4
2
3
3
4
8
2
11
5
4
2
1
1
2
1
2
1
1
3
4
16
17
4
1
1
5
1
11
2
0
3
4
3
29
1
3
1
1
1
1
4
4
3
3
56
2
3
1
6
2
2
1
5
21
3
1
1
2
1
1
1
10
5
10
8
5
8
3
2
5
1
3
1
44
3
1
1
2
2
2
2
1
8
1
4
1
1
14
1
9
8
0
0
5
1
2
12
4
3
17
5
6
7
6
3
8
9
2
8
1
11
11
2
9
2
3
0
7
1
1
0
3
1
3
2
31
2
44
4
1
4
3
3
26
0
1
2
1
1
1
17
3
4
3
0
2
2
4
3
3
3
2
2
1
0
2
1
2
1
3
11
1
2
3
14
3
3
3
4
1
4
3
3
10
11
4
5
3
3
2
6
1
5
13
14
4
3
5
4
18
3
4
3
0
4
13
2
11
4
11
2
3
5
7
3
7
7
2
7
18
8
15
10
3
11
1
11
3
15
2
3
2
2
30
2
28
2
53
24
3
2
3
1
3
1
32
2
2
1
1
1
1
2
5
3
2
8
3
24
3
2
4
3
3
1
32
2
3
4
1
4
12
1
3
8
4
36
4
31
2
4
53
5
2
13
6
4
14
3
1
6
4
1
2
3
4
27
3
3
7
8
3
1
32
2
32
1
11
2
12
22
1
16
16
4
3
7
3
6
9
1
2
9
1
3
1
10
6
2
2
17
3
2
0
7
2
2
16
3
53
2
1
1
2
2
2
3
3
5
0
8
2
1
31
12
19
3
1
1
1
4
3
17
23
2
12
19
4
1
6
4
3
8
1
3
3
2
9
3
3
2
4
18
10
4
3
1
2
13
2
17
14
1
2
22
2
1
6
4
1
7
2
4
4
3
1
1
4
3
7
13
2
18
1
2
42
4
16