0.4364868968104 2.1212045116211 4.2388138771057 -74.7802220651389 0.0000000000000 0.0000000000000 0.0000000000000 0.0000000000000 0
0.4364868968104 2.1212045116211 4.2379589080811 -74.7801729713031 0.0000000000000 0.0000000000000 0.0000000000000 0.0000000000000 3
0.4364871075304 2.1212044410529 4.2354683876038 -74.5508330299867 1.4016354394950 0.0000000000000 0.0000000000000 0.0000000000000 5
0.4364876197694 2.1212042664073 4.2353711128235 -74.0736923278797 4.8165037562916 0.0000000000000 0.0000000000000 0.0000000000000 7
0.4364882952304 2.1212042939736 4.2356305122375 -73.1569349636350 9.1209608005457 0.0000000000000 0.0000000000000 0.0000000000000 9
0.4364888647901 2.1212046361794 4.2354979515076 -71.7523925769966 13.2523566642091 0.0000000000000 0.0000000000000 0.0000000000000 11
0.4364892292992 2.1212052674849 4.2356929779053 -69.5553401867270 17.5735301094045 0.0000000000000 0.0000000000000 0.0000000000000 13
0.4364892777315 2.1212059391976 4.2356572151184 -66.9739524993510 21.4645321977431 0.0000000000000 0.0000000000000 0.0000000000000 16
0.4364890800659 2.1212065226472 4.2355351448059 -64.9993124575103 25.0618933712358 0.0000000000000 0.0000000000000 0.0000000000000 18
0.4364887557642 2.1212069646295 4.2357273101807 -65.1833559604872 28.3462771477854 0.4364919272256 2.1212052287527 18.7177307309780 20
0.4364885239858 2.1212072421154 4.2355718612671 -66.1127055548696 30.5255526187352 0.4364903734872 2.1212055316423 11.4122374553351 22
0.4364883159324 2.1212074149813 4.2355008125305 -67.1404341686873 32.1861621882094 0.4364892514203 2.1212062618179 7.0912683843922 24
0.4364880760241 2.1212075013043 4.2356977462769 -68.2565798850438 33.7971901077044 0.4364890130082 2.1212063954745 7.2421633345275 26
0.4364878249110 2.1212074782419 4.2355456352234 -69.2837517031333 35.4054186716188 0.4364891812944 2.1212069114820 4.3688768292498 28
0.4364875474609 2.1212073175215 4.2357573509216 -70.3036894490270 37.4012229887072 0.4364893481676 2.1212069947167 3.2443540693337 30
0.4364873258733 2.1212070253625 4.2356190681458 -71.1135081506710 39.6010775326043 0.4364894482132 2.1212071308779 2.2464711031197 32
0.4364872025969 2.1212066061103 4.2354755401611 -71.7230094692717 42.1465667881067 0.4364894891176 2.1212071962904 1.8161318119434 34
0.4364872498797 2.1212060740607 4.2357006072998 -72.0886734865157 45.2329106910725 0.4364894565173 2.1212073535351 1.7140189655515 36
0.4364874991329 2.1212055927027 4.2355608940125 -72.1128028063729 48.4325129057136 0.4364895011226 2.1212074081579 1.4334225968879 38
0.4364879374166 2.1212052341836 4.2354822158813 -71.7856989059821 51.9088446318810 0.4364888830049 2.1212075516592 5.4566593499316 40
0.4364885467006 2.1212050930853 4.2356867790222 -70.9838465306553 55.8755408553383 0.4364881358968 2.1212077032027 10.2954992325487 42
0.4364891180830 2.1212052360365 4.2355709075928 -69.7728997637760 59.6093488381331 0.4364883307894 2.1212078975289 9.3775033921019 44
0.4364895749467 2.1212056069511 4.2353959083557 -68.0638631158703 63.2242033612062 0.4364885198658 2.1212076977111 7.8969587643749 46
0.4364898562187 2.1212061669567 4.2356882095337 -65.5458755842725 66.9216304050192 0.4364886649259 2.1212066107803 8.0596134326425 48
0.4364899494785 2.1212066858989 4.2355399131775 -62.9183432320580 69.9756864176242 0.4364888423019 2.1212060849290 9.3244982209584 50
0.4364900429769 2.1212070728257 4.2357139587402 -61.4362667534277 72.2874007719550 0.4364887902915 2.1212061215601 9.3635584263902 52
